Dynamical matrix file
                                                                           
  2    2  2 10.5000000  0.0000000  0.0000000  0.0000000  0.0000000  0.0000000
           1  'Al  '    24590.7656527287     
           2  'As  '    68285.4026205499     
    1    1      0.0000000000      0.0000000000      0.0000000000
    2    2      0.2500000000      0.2500000000      0.2500000000

     Dynamical  Matrix in cartesian axes

     q = (   -0.250000000   0.250000000  -0.250000000 ) 

    1    1
  0.23560229  0.00000000   -0.02526303 -0.00000000    0.02526303  0.00000000
 -0.02526303 -0.00000000    0.23560229  0.00000000   -0.02526303 -0.00000000
  0.02526303  0.00000000   -0.02526303 -0.00000000    0.23560229 -0.00000000
    1    2
 -0.16735248 -0.05916446   -0.03170198  0.04753894    0.03170198 -0.04753894
 -0.03170198  0.04753894   -0.16735248 -0.05916446   -0.03170198  0.04753894
  0.03170198 -0.04753894   -0.03170198  0.04753894   -0.16735248 -0.05916446
    2    1
 -0.16735248  0.05916446   -0.03170198 -0.04753894    0.03170198  0.04753894
 -0.03170198 -0.04753894   -0.16735248  0.05916446   -0.03170198 -0.04753894
  0.03170198  0.04753894   -0.03170198 -0.04753894   -0.16735248  0.05916446
    2    2
  0.23341893  0.00000000   -0.02108044  0.00000000    0.02108044  0.00000000
 -0.02108044  0.00000000    0.23341893  0.00000000   -0.02108044  0.00000000
  0.02108044  0.00000000   -0.02108044  0.00000000    0.23341893  0.00000000

     Dynamical  Matrix in cartesian axes

     q = (    0.250000000  -0.250000000   0.250000000 ) 

    1    1
  0.23560229  0.00000000   -0.02526303  0.00000000    0.02526303 -0.00000000
 -0.02526303  0.00000000    0.23560229 -0.00000000   -0.02526303  0.00000000
  0.02526303 -0.00000000   -0.02526303  0.00000000    0.23560229  0.00000000
    1    2
 -0.16735248  0.05916446   -0.03170198 -0.04753894    0.03170198  0.04753894
 -0.03170198 -0.04753894   -0.16735248  0.05916446   -0.03170198 -0.04753894
  0.03170198  0.04753894   -0.03170198 -0.04753894   -0.16735248  0.05916446
    2    1
 -0.16735248 -0.05916446   -0.03170198  0.04753894    0.03170198 -0.04753894
 -0.03170198  0.04753894   -0.16735248 -0.05916446   -0.03170198  0.04753894
  0.03170198 -0.04753894   -0.03170198  0.04753894   -0.16735248 -0.05916446
    2    2
  0.23341893  0.00000000   -0.02108044  0.00000000    0.02108044  0.00000000
 -0.02108044  0.00000000    0.23341893  0.00000000   -0.02108044  0.00000000
  0.02108044  0.00000000   -0.02108044  0.00000000    0.23341893  0.00000000

     Dynamical  Matrix in cartesian axes

     q = (    0.250000000  -0.250000000  -0.250000000 ) 

    1    1
  0.23560229 -0.00000000   -0.02526303 -0.00000000   -0.02526303 -0.00000000
 -0.02526303 -0.00000000    0.23560229  0.00000000    0.02526303  0.00000000
 -0.02526303 -0.00000000    0.02526303  0.00000000    0.23560229 -0.00000000
    1    2
 -0.16735248 -0.05916446   -0.03170198  0.04753894   -0.03170198  0.04753894
 -0.03170198  0.04753894   -0.16735248 -0.05916446    0.03170198 -0.04753894
 -0.03170198  0.04753894    0.03170198 -0.04753894   -0.16735248 -0.05916446
    2    1
 -0.16735248  0.05916446   -0.03170198 -0.04753894   -0.03170198 -0.04753894
 -0.03170198 -0.04753894   -0.16735248  0.05916446    0.03170198  0.04753894
 -0.03170198 -0.04753894    0.03170198  0.04753894   -0.16735248  0.05916446
    2    2
  0.23341893  0.00000000   -0.02108044  0.00000000   -0.02108044  0.00000000
 -0.02108044  0.00000000    0.23341893  0.00000000    0.02108044  0.00000000
 -0.02108044  0.00000000    0.02108044  0.00000000    0.23341893  0.00000000

     Dynamical  Matrix in cartesian axes

     q = (   -0.250000000   0.250000000   0.250000000 ) 

    1    1
  0.23560229  0.00000000   -0.02526303  0.00000000   -0.02526303  0.00000000
 -0.02526303  0.00000000    0.23560229 -0.00000000    0.02526303 -0.00000000
 -0.02526303  0.00000000    0.02526303 -0.00000000    0.23560229  0.00000000
    1    2
 -0.16735248  0.05916446   -0.03170198 -0.04753894   -0.03170198 -0.04753894
 -0.03170198 -0.04753894   -0.16735248  0.05916446    0.03170198  0.04753894
 -0.03170198 -0.04753894    0.03170198  0.04753894   -0.16735248  0.05916446
    2    1
 -0.16735248 -0.05916446   -0.03170198  0.04753894   -0.03170198  0.04753894
 -0.03170198  0.04753894   -0.16735248 -0.05916446    0.03170198 -0.04753894
 -0.03170198  0.04753894    0.03170198 -0.04753894   -0.16735248 -0.05916446
    2    2
  0.23341893  0.00000000   -0.02108044  0.00000000   -0.02108044  0.00000000
 -0.02108044  0.00000000    0.23341893  0.00000000    0.02108044  0.00000000
 -0.02108044  0.00000000    0.02108044  0.00000000    0.23341893  0.00000000

     Dynamical  Matrix in cartesian axes

     q = (   -0.250000000  -0.250000000   0.250000000 ) 

    1    1
  0.23560229  0.00000000    0.02526303  0.00000000   -0.02526303 -0.00000000
  0.02526303  0.00000000    0.23560229 -0.00000000   -0.02526303 -0.00000000
 -0.02526303 -0.00000000   -0.02526303 -0.00000000    0.23560229  0.00000000
    1    2
 -0.16735248 -0.05916446    0.03170198 -0.04753894   -0.03170198  0.04753894
  0.03170198 -0.04753894   -0.16735248 -0.05916446   -0.03170198  0.04753894
 -0.03170198  0.04753894   -0.03170198  0.04753894   -0.16735248 -0.05916446
    2    1
 -0.16735248  0.05916446    0.03170198  0.04753894   -0.03170198 -0.04753894
  0.03170198  0.04753894   -0.16735248  0.05916446   -0.03170198 -0.04753894
 -0.03170198 -0.04753894   -0.03170198 -0.04753894   -0.16735248  0.05916446
    2    2
  0.23341893  0.00000000    0.02108044  0.00000000   -0.02108044  0.00000000
  0.02108044  0.00000000    0.23341893  0.00000000   -0.02108044  0.00000000
 -0.02108044  0.00000000   -0.02108044  0.00000000    0.23341893  0.00000000

     Dynamical  Matrix in cartesian axes

     q = (    0.250000000   0.250000000  -0.250000000 ) 

    1    1
  0.23560229 -0.00000000    0.02526303 -0.00000000   -0.02526303  0.00000000
  0.02526303 -0.00000000    0.23560229  0.00000000   -0.02526303  0.00000000
 -0.02526303  0.00000000   -0.02526303  0.00000000    0.23560229 -0.00000000
    1    2
 -0.16735248  0.05916446    0.03170198  0.04753894   -0.03170198 -0.04753894
  0.03170198  0.04753894   -0.16735248  0.05916446   -0.03170198 -0.04753894
 -0.03170198 -0.04753894   -0.03170198 -0.04753894   -0.16735248  0.05916446
    2    1
 -0.16735248 -0.05916446    0.03170198 -0.04753894   -0.03170198  0.04753894
  0.03170198 -0.04753894   -0.16735248 -0.05916446   -0.03170198  0.04753894
 -0.03170198  0.04753894   -0.03170198  0.04753894   -0.16735248 -0.05916446
    2    2
  0.23341893  0.00000000    0.02108044  0.00000000   -0.02108044  0.00000000
  0.02108044  0.00000000    0.23341893  0.00000000   -0.02108044  0.00000000
 -0.02108044  0.00000000   -0.02108044  0.00000000    0.23341893  0.00000000

     Dynamical  Matrix in cartesian axes

     q = (    0.250000000   0.250000000   0.250000000 ) 

    1    1
  0.23560229 -0.00000000    0.02526303  0.00000000    0.02526303  0.00000000
  0.02526303  0.00000000    0.23560229  0.00000000    0.02526303  0.00000000
  0.02526303  0.00000000    0.02526303  0.00000000    0.23560229  0.00000000
    1    2
 -0.05916446  0.16735248   -0.04753894 -0.03170198   -0.04753894 -0.03170198
 -0.04753894 -0.03170198   -0.05916446  0.16735248   -0.04753894 -0.03170198
 -0.04753894 -0.03170198   -0.04753894 -0.03170198   -0.05916446  0.16735248
    2    1
 -0.05916446 -0.16735248   -0.04753894  0.03170198   -0.04753894  0.03170198
 -0.04753894  0.03170198   -0.05916446 -0.16735248   -0.04753894  0.03170198
 -0.04753894  0.03170198   -0.04753894  0.03170198   -0.05916446 -0.16735248
    2    2
  0.23341893  0.00000000    0.02108044  0.00000000    0.02108044  0.00000000
  0.02108044  0.00000000    0.23341893  0.00000000    0.02108044  0.00000000
  0.02108044  0.00000000    0.02108044  0.00000000    0.23341893  0.00000000

     Dynamical  Matrix in cartesian axes

     q = (   -0.250000000  -0.250000000  -0.250000000 ) 

    1    1
  0.23560229  0.00000000    0.02526303 -0.00000000    0.02526303 -0.00000000
  0.02526303 -0.00000000    0.23560229  0.00000000    0.02526303 -0.00000000
  0.02526303 -0.00000000    0.02526303 -0.00000000    0.23560229 -0.00000000
    1    2
 -0.05916446 -0.16735248   -0.04753894  0.03170198   -0.04753894  0.03170198
 -0.04753894  0.03170198   -0.05916446 -0.16735248   -0.04753894  0.03170198
 -0.04753894  0.03170198   -0.04753894  0.03170198   -0.05916446 -0.16735248
    2    1
 -0.05916446  0.16735248   -0.04753894 -0.03170198   -0.04753894 -0.03170198
 -0.04753894 -0.03170198   -0.05916446  0.16735248   -0.04753894 -0.03170198
 -0.04753894 -0.03170198   -0.04753894 -0.03170198   -0.05916446  0.16735248
    2    2
  0.23341893  0.00000000    0.02108044  0.00000000    0.02108044  0.00000000
  0.02108044  0.00000000    0.23341893  0.00000000    0.02108044  0.00000000
  0.02108044  0.00000000    0.02108044  0.00000000    0.23341893  0.00000000

     Diagonalizing the dynamical matrix

     q = (   -0.250000000   0.250000000  -0.250000000 ) 

 **************************************************************************
     freq (    1) =       1.664832 [THz] =      55.532808 [cm-1]
 (  0.462872 -0.253523  0.364829 -0.259249 -0.098044 -0.005726 ) 
 (  0.457731 -0.286608  0.357231 -0.286608 -0.100500  0.000000 ) 
     freq (    2) =       1.664832 [THz] =      55.532808 [cm-1]
 ( -0.208292 -0.061180  0.352897 -0.028405  0.561190  0.032776 ) 
 ( -0.216435 -0.050072  0.358815 -0.050072  0.575250  0.000000 ) 
     freq (    3) =       4.553779 [THz] =     151.897719 [cm-1]
 (  0.198161  0.294038 -0.198161 -0.294038  0.198161  0.294038 ) 
 (  0.455639 -0.000000 -0.455639  0.000000  0.455639  0.000000 ) 
     freq (    4) =      11.111230 [THz] =     370.630731 [cm-1]
 ( -0.540211 -0.391247 -0.540211 -0.391247  0.000000 -0.000000 ) 
 (  0.197812  0.126367  0.197812  0.126367  0.000000  0.000000 ) 
     freq (    5) =      11.111230 [THz] =     370.630731 [cm-1]
 ( -0.384443 -0.022453  0.384443  0.022453  0.768886  0.044906 ) 
 (  0.135521 -0.000000 -0.135521  0.000000 -0.271043  0.000000 ) 
     freq (    6) =      12.201418 [THz] =     406.995489 [cm-1]
 (  0.310690  0.461012 -0.310690 -0.461012  0.310690  0.461012 ) 
 ( -0.155797  0.000000  0.155797 -0.000000 -0.155797  0.000000 ) 
 **************************************************************************
