Dynamical matrix file
                                                                           
  2    2  2 10.5000000  0.0000000  0.0000000  0.0000000  0.0000000  0.0000000
           1  'Al  '    24590.7656527287     
           2  'As  '    68285.4026205499     
    1    1      0.0000000000      0.0000000000      0.0000000000
    2    2      0.2500000000      0.2500000000      0.2500000000

     Dynamical  Matrix in cartesian axes

     q = (    0.500000000   0.000000000   0.500000000 ) 

    1    1
  0.22334983  0.00000000    0.00000000 -0.01722921    0.01809471  0.00000000
 -0.00000000  0.01722921    0.23508147  0.00000000   -0.00000000  0.01722921
  0.01809471  0.00000000   -0.00000000 -0.01722921    0.22334983  0.00000000
    1    2
 -0.00000000  0.10812967   -0.07927384  0.00000000    0.00000000 -0.07499536
 -0.09561901 -0.00000000   -0.00000000  0.11002852   -0.09561901 -0.00000000
 -0.00000000 -0.07499536   -0.07927384  0.00000000   -0.00000000  0.10812967
    2    1
 -0.00000000 -0.10812967   -0.09561901  0.00000000    0.00000000  0.07499536
 -0.07927384  0.00000000   -0.00000000 -0.11002852   -0.07927384  0.00000000
 -0.00000000  0.07499536   -0.09561901  0.00000000   -0.00000000 -0.10812967
    2    2
  0.23801720  0.00000000    0.00000000 -0.01284361    0.02623083  0.00000000
  0.00000000  0.01284361    0.24752441  0.00000000    0.00000000  0.01284361
  0.02623083  0.00000000    0.00000000 -0.01284361    0.23801720  0.00000000

     Dynamical  Matrix in cartesian axes

     q = (   -0.500000000  -0.500000000   0.000000000 ) 

    1    1
  0.22334983  0.00000000    0.01809471  0.00000000    0.00000000  0.01722921
  0.01809471  0.00000000    0.22334983  0.00000000    0.00000000  0.01722921
  0.00000000 -0.01722921    0.00000000 -0.01722921    0.23508147  0.00000000
    1    2
 -0.00000000 -0.10812967    0.00000000  0.07499536   -0.07927384  0.00000000
  0.00000000  0.07499536   -0.00000000 -0.10812967   -0.07927384  0.00000000
 -0.09561901 -0.00000000   -0.09561901 -0.00000000    0.00000000 -0.11002852
    2    1
 -0.00000000  0.10812967    0.00000000 -0.07499536   -0.09561901 -0.00000000
  0.00000000 -0.07499536   -0.00000000  0.10812967   -0.09561901  0.00000000
 -0.07927384 -0.00000000   -0.07927384 -0.00000000    0.00000000  0.11002852
    2    2
  0.23801720  0.00000000    0.02623083  0.00000000    0.00000000  0.01284361
  0.02623083  0.00000000    0.23801720  0.00000000   -0.00000000  0.01284361
  0.00000000 -0.01284361    0.00000000 -0.01284361    0.24752441  0.00000000

     Dynamical  Matrix in cartesian axes

     q = (   -0.500000000   0.500000000   0.000000000 ) 

    1    1
  0.22334983  0.00000000   -0.01809471  0.00000000    0.00000000 -0.01722921
 -0.01809471  0.00000000    0.22334983  0.00000000    0.00000000  0.01722921
  0.00000000  0.01722921    0.00000000 -0.01722921    0.23508147  0.00000000
    1    2
 -0.10812967 -0.00000000   -0.07499536  0.00000000    0.00000000 -0.07927384
 -0.07499536  0.00000000   -0.10812967 -0.00000000    0.00000000  0.07927384
  0.00000000 -0.09561901   -0.00000000  0.09561901   -0.11002852 -0.00000000
    2    1
 -0.10812967  0.00000000   -0.07499536 -0.00000000   -0.00000000  0.09561901
 -0.07499536 -0.00000000   -0.10812967  0.00000000    0.00000000 -0.09561901
  0.00000000  0.07927384    0.00000000 -0.07927384   -0.11002852 -0.00000000
    2    2
  0.23801720  0.00000000   -0.02623083 -0.00000000    0.00000000 -0.01284361
 -0.02623083 -0.00000000    0.23801720  0.00000000    0.00000000  0.01284361
  0.00000000  0.01284361    0.00000000 -0.01284361    0.24752441  0.00000000

     Dynamical  Matrix in cartesian axes

     q = (   -0.500000000   0.000000000   0.500000000 ) 

    1    1
  0.22334983  0.00000000    0.00000000 -0.01722921   -0.01809471  0.00000000
 -0.00000000  0.01722921    0.23508147  0.00000000   -0.00000000 -0.01722921
 -0.01809471  0.00000000   -0.00000000  0.01722921    0.22334983  0.00000000
    1    2
 -0.10812967 -0.00000000   -0.00000000 -0.07927384   -0.07499536  0.00000000
  0.00000000 -0.09561901   -0.11002852 -0.00000000    0.00000000  0.09561901
 -0.07499536  0.00000000    0.00000000  0.07927384   -0.10812967 -0.00000000
    2    1
 -0.10812967  0.00000000   -0.00000000  0.09561901   -0.07499536 -0.00000000
  0.00000000  0.07927384   -0.11002852  0.00000000   -0.00000000 -0.07927384
 -0.07499536 -0.00000000    0.00000000 -0.09561901   -0.10812967  0.00000000
    2    2
  0.23801720  0.00000000   -0.00000000 -0.01284361   -0.02623083  0.00000000
  0.00000000  0.01284361    0.24752441  0.00000000    0.00000000 -0.01284361
 -0.02623083  0.00000000    0.00000000  0.01284361    0.23801720  0.00000000

     Dynamical  Matrix in cartesian axes

     q = (    0.500000000   0.000000000  -0.500000000 ) 

    1    1
  0.22334983  0.00000000    0.00000000  0.01722921   -0.01809471  0.00000000
 -0.00000000 -0.01722921    0.23508147  0.00000000   -0.00000000  0.01722921
 -0.01809471  0.00000000   -0.00000000 -0.01722921    0.22334983  0.00000000
    1    2
 -0.10812967 -0.00000000    0.00000000  0.07927384   -0.07499536  0.00000000
 -0.00000000  0.09561901   -0.11002852 -0.00000000    0.00000000 -0.09561901
 -0.07499536  0.00000000    0.00000000 -0.07927384   -0.10812967 -0.00000000
    2    1
 -0.10812967  0.00000000    0.00000000 -0.09561901   -0.07499536 -0.00000000
  0.00000000 -0.07927384   -0.11002852  0.00000000    0.00000000  0.07927384
 -0.07499536 -0.00000000    0.00000000  0.09561901   -0.10812967  0.00000000
    2    2
  0.23801720  0.00000000   -0.00000000  0.01284361   -0.02623083  0.00000000
  0.00000000 -0.01284361    0.24752441 -0.00000000    0.00000000  0.01284361
 -0.02623083  0.00000000    0.00000000 -0.01284361    0.23801720  0.00000000

     Dynamical  Matrix in cartesian axes

     q = (    0.500000000   0.500000000   0.000000000 ) 

    1    1
  0.22334983  0.00000000    0.01809471  0.00000000    0.00000000 -0.01722921
  0.01809471  0.00000000    0.22334983  0.00000000    0.00000000 -0.01722921
  0.00000000  0.01722921    0.00000000  0.01722921    0.23508147  0.00000000
    1    2
 -0.00000000  0.10812967    0.00000000 -0.07499536   -0.07927384  0.00000000
 -0.00000000 -0.07499536   -0.00000000  0.10812967   -0.07927384  0.00000000
 -0.09561901 -0.00000000   -0.09561901 -0.00000000   -0.00000000  0.11002852
    2    1
 -0.00000000 -0.10812967   -0.00000000  0.07499536   -0.09561901  0.00000000
 -0.00000000  0.07499536   -0.00000000 -0.10812967   -0.09561901  0.00000000
 -0.07927384  0.00000000   -0.07927384  0.00000000   -0.00000000 -0.11002852
    2    2
  0.23801720 -0.00000000    0.02623083 -0.00000000    0.00000000 -0.01284361
  0.02623083 -0.00000000    0.23801720 -0.00000000   -0.00000000 -0.01284361
  0.00000000  0.01284361    0.00000000  0.01284361    0.24752441 -0.00000000

     Dynamical  Matrix in cartesian axes

     q = (    0.500000000  -0.500000000   0.000000000 ) 

    1    1
  0.22334983  0.00000000   -0.01809471  0.00000000    0.00000000  0.01722921
 -0.01809471  0.00000000    0.22334983  0.00000000    0.00000000 -0.01722921
  0.00000000 -0.01722921    0.00000000  0.01722921    0.23508147  0.00000000
    1    2
 -0.10812967 -0.00000000   -0.07499536  0.00000000    0.00000000  0.07927384
 -0.07499536  0.00000000   -0.10812967 -0.00000000    0.00000000 -0.07927384
 -0.00000000  0.09561901    0.00000000 -0.09561901   -0.11002852 -0.00000000
    2    1
 -0.10812967  0.00000000   -0.07499536 -0.00000000   -0.00000000 -0.09561901
 -0.07499536 -0.00000000   -0.10812967  0.00000000    0.00000000  0.09561901
  0.00000000 -0.07927384    0.00000000  0.07927384   -0.11002852  0.00000000
    2    2
  0.23801720  0.00000000   -0.02623083 -0.00000000    0.00000000  0.01284361
 -0.02623083 -0.00000000    0.23801720  0.00000000    0.00000000 -0.01284361
  0.00000000 -0.01284361    0.00000000  0.01284361    0.24752441  0.00000000

     Dynamical  Matrix in cartesian axes

     q = (    0.000000000   0.500000000   0.500000000 ) 

    1    1
  0.23508147  0.00000000   -0.00000000  0.01722921    0.00000000  0.01722921
  0.00000000 -0.01722921    0.22334983  0.00000000    0.01809471  0.00000000
  0.00000000 -0.01722921    0.01809471  0.00000000    0.22334983  0.00000000
    1    2
 -0.00000000  0.11002852   -0.09561901 -0.00000000   -0.09561901 -0.00000000
 -0.07927384 -0.00000000    0.00000000  0.10812967   -0.00000000 -0.07499536
 -0.07927384 -0.00000000   -0.00000000 -0.07499536   -0.00000000  0.10812967
    2    1
 -0.00000000 -0.11002852   -0.07927384  0.00000000   -0.07927384  0.00000000
 -0.09561901  0.00000000   -0.00000000 -0.10812967   -0.00000000  0.07499536
 -0.09561901  0.00000000   -0.00000000  0.07499536   -0.00000000 -0.10812967
    2    2
  0.24752441  0.00000000    0.00000000  0.01284361   -0.00000000  0.01284361
 -0.00000000 -0.01284361    0.23801720  0.00000000    0.02623083 -0.00000000
  0.00000000 -0.01284361    0.02623083 -0.00000000    0.23801720  0.00000000

     Dynamical  Matrix in cartesian axes

     q = (    0.000000000   0.500000000  -0.500000000 ) 

    1    1
  0.23508147  0.00000000   -0.00000000 -0.01722921    0.00000000  0.01722921
  0.00000000  0.01722921    0.22334983  0.00000000   -0.01809471  0.00000000
  0.00000000 -0.01722921   -0.01809471  0.00000000    0.22334983  0.00000000
    1    2
 -0.11002852 -0.00000000   -0.00000000  0.09561901    0.00000000 -0.09561901
  0.00000000  0.07927384   -0.10812967 -0.00000000   -0.07499536  0.00000000
 -0.00000000 -0.07927384   -0.07499536  0.00000000   -0.10812967 -0.00000000
    2    1
 -0.11002852  0.00000000   -0.00000000 -0.07927384    0.00000000  0.07927384
 -0.00000000 -0.09561901   -0.10812967  0.00000000   -0.07499536 -0.00000000
  0.00000000  0.09561901   -0.07499536 -0.00000000   -0.10812967  0.00000000
    2    2
  0.24752441 -0.00000000    0.00000000 -0.01284361    0.00000000  0.01284361
  0.00000000  0.01284361    0.23801720 -0.00000000   -0.02623083  0.00000000
  0.00000000 -0.01284361   -0.02623083  0.00000000    0.23801720 -0.00000000

     Dynamical  Matrix in cartesian axes

     q = (    0.000000000  -0.500000000  -0.500000000 ) 

    1    1
  0.23508147  0.00000000   -0.00000000 -0.01722921    0.00000000 -0.01722921
  0.00000000  0.01722921    0.22334983  0.00000000    0.01809471  0.00000000
  0.00000000  0.01722921    0.01809471  0.00000000    0.22334983  0.00000000
    1    2
  0.00000000 -0.11002852   -0.09561901 -0.00000000   -0.09561901 -0.00000000
 -0.07927384  0.00000000    0.00000000 -0.10812967    0.00000000  0.07499536
 -0.07927384  0.00000000    0.00000000  0.07499536    0.00000000 -0.10812967
    2    1
  0.00000000  0.11002852   -0.07927384 -0.00000000   -0.07927384 -0.00000000
 -0.09561901 -0.00000000    0.00000000  0.10812967    0.00000000 -0.07499536
 -0.09561901 -0.00000000    0.00000000 -0.07499536   -0.00000000  0.10812967
    2    2
  0.24752441 -0.00000000    0.00000000 -0.01284361   -0.00000000 -0.01284361
 -0.00000000  0.01284361    0.23801720 -0.00000000    0.02623083  0.00000000
  0.00000000  0.01284361    0.02623083  0.00000000    0.23801720 -0.00000000

     Dynamical  Matrix in cartesian axes

     q = (    0.000000000  -0.500000000   0.500000000 ) 

    1    1
  0.23508147  0.00000000   -0.00000000  0.01722921    0.00000000 -0.01722921
  0.00000000 -0.01722921    0.22334983  0.00000000   -0.01809471  0.00000000
  0.00000000  0.01722921   -0.01809471  0.00000000    0.22334983  0.00000000
    1    2
 -0.11002852 -0.00000000    0.00000000 -0.09561901   -0.00000000  0.09561901
 -0.00000000 -0.07927384   -0.10812967 -0.00000000   -0.07499536  0.00000000
  0.00000000  0.07927384   -0.07499536  0.00000000   -0.10812967 -0.00000000
    2    1
 -0.11002852  0.00000000    0.00000000  0.07927384   -0.00000000 -0.07927384
  0.00000000  0.09561901   -0.10812967  0.00000000   -0.07499536 -0.00000000
 -0.00000000 -0.09561901   -0.07499536 -0.00000000   -0.10812967  0.00000000
    2    2
  0.24752441  0.00000000    0.00000000  0.01284361    0.00000000 -0.01284361
  0.00000000 -0.01284361    0.23801720  0.00000000   -0.02623083 -0.00000000
  0.00000000  0.01284361   -0.02623083 -0.00000000    0.23801720  0.00000000

     Dynamical  Matrix in cartesian axes

     q = (   -0.500000000   0.000000000  -0.500000000 ) 

    1    1
  0.22334983  0.00000000    0.00000000  0.01722921    0.01809471  0.00000000
 -0.00000000 -0.01722921    0.23508147  0.00000000   -0.00000000 -0.01722921
  0.01809471  0.00000000   -0.00000000  0.01722921    0.22334983  0.00000000
    1    2
  0.00000000 -0.10812967   -0.07927384  0.00000000    0.00000000  0.07499536
 -0.09561901 -0.00000000   -0.00000000 -0.11002852   -0.09561901 -0.00000000
  0.00000000  0.07499536   -0.07927384  0.00000000   -0.00000000 -0.10812967
    2    1
  0.00000000  0.10812967   -0.09561901 -0.00000000    0.00000000 -0.07499536
 -0.07927384 -0.00000000    0.00000000  0.11002852   -0.07927384 -0.00000000
  0.00000000 -0.07499536   -0.09561901 -0.00000000   -0.00000000  0.10812967
    2    2
  0.23801720 -0.00000000    0.00000000  0.01284361    0.02623083 -0.00000000
  0.00000000 -0.01284361    0.24752441 -0.00000000    0.00000000 -0.01284361
  0.02623083 -0.00000000    0.00000000  0.01284361    0.23801720 -0.00000000

     Diagonalizing the dynamical matrix

     q = (    0.500000000   0.000000000   0.500000000 ) 

 **************************************************************************
     freq (    1) =       2.423208 [THz] =      80.829504 [cm-1]
 (  0.000000  0.488149 -0.000000 -0.000000  0.000000 -0.488149 ) 
 ( -0.511577 -0.000000  0.000000 -0.000000  0.511577  0.000000 ) 
     freq (    2) =       3.741489 [THz] =     124.802647 [cm-1]
 ( -0.000000 -0.250680 -0.605265 -0.000000  0.000000 -0.250680 ) 
 ( -0.235770 -0.000000 -0.000000 -0.629919 -0.235770  0.000000 ) 
     freq (    3) =       5.454205 [THz] =     181.932689 [cm-1]
 ( -0.000000 -0.270346  0.283934  0.000000 -0.000000 -0.270346 ) 
 (  0.543348 -0.000000 -0.000000 -0.427496  0.543348  0.000000 ) 
     freq (    4) =      10.837173 [THz] =     361.489186 [cm-1]
 ( -0.000000  0.664246  0.220130  0.000000 -0.000000  0.664246 ) 
 ( -0.005064 -0.000000  0.000000 -0.262767 -0.005064  0.000000 ) 
     freq (    5) =      10.864345 [THz] =     362.395524 [cm-1]
 ( -0.000000 -0.668727  0.000000  0.000000 -0.000000  0.668727 ) 
 ( -0.229792 -0.000000  0.000000 -0.000000  0.229792  0.000000 ) 
     freq (    6) =      11.386622 [THz] =     379.816830 [cm-1]
 (  0.000000  0.221245 -0.909585  0.000000 -0.000000  0.221245 ) 
 (  0.173116 -0.000000  0.000000  0.121734  0.173116  0.000000 ) 
 **************************************************************************
