Dynamical matrix file
                                                                           
  2    2  2 10.5000000  0.0000000  0.0000000  0.0000000  0.0000000  0.0000000
           1  'Al  '    24590.7656527287     
           2  'As  '    68285.4026205499     
    1    1      0.0000000000      0.0000000000      0.0000000000
    2    2      0.2500000000      0.2500000000      0.2500000000

     Dynamical  Matrix in cartesian axes

     q = (   -0.250000000   0.250000000  -0.250000000 ) 

    1    1
  0.23560126  0.00000000   -0.02526201  0.00000000    0.02526201  0.00000000
 -0.02526201  0.00000000    0.23560126  0.00000000   -0.02526201  0.00000000
  0.02526201  0.00000000   -0.02526201  0.00000000    0.23560126  0.00000000
    1    2
 -0.16735222 -0.05916745   -0.03170233  0.04754186    0.03170233 -0.04754186
 -0.03170233  0.04754186   -0.16735222 -0.05916745   -0.03170233  0.04754186
  0.03170233 -0.04754186   -0.03170233  0.04754186   -0.16735222 -0.05916745
    2    1
 -0.16735222  0.05916745   -0.03170233 -0.04754186    0.03170233  0.04754186
 -0.03170233 -0.04754186   -0.16735222  0.05916745   -0.03170233 -0.04754186
  0.03170233  0.04754186   -0.03170233 -0.04754186   -0.16735222  0.05916745
    2    2
  0.23341930  0.00000000   -0.02108124  0.00000000    0.02108124  0.00000000
 -0.02108124  0.00000000    0.23341930  0.00000000   -0.02108124  0.00000000
  0.02108124  0.00000000   -0.02108124  0.00000000    0.23341930  0.00000000

     Dynamical  Matrix in cartesian axes

     q = (    0.250000000  -0.250000000   0.250000000 ) 

    1    1
  0.23560126  0.00000000   -0.02526201  0.00000000    0.02526201  0.00000000
 -0.02526201  0.00000000    0.23560126  0.00000000   -0.02526201  0.00000000
  0.02526201  0.00000000   -0.02526201  0.00000000    0.23560126  0.00000000
    1    2
 -0.16735222  0.05916745   -0.03170233 -0.04754186    0.03170233  0.04754186
 -0.03170233 -0.04754186   -0.16735222  0.05916745   -0.03170233 -0.04754186
  0.03170233  0.04754186   -0.03170233 -0.04754186   -0.16735222  0.05916745
    2    1
 -0.16735222 -0.05916745   -0.03170233  0.04754186    0.03170233 -0.04754186
 -0.03170233  0.04754186   -0.16735222 -0.05916745   -0.03170233  0.04754186
  0.03170233 -0.04754186   -0.03170233  0.04754186   -0.16735222 -0.05916745
    2    2
  0.23341930  0.00000000   -0.02108124  0.00000000    0.02108124  0.00000000
 -0.02108124  0.00000000    0.23341930  0.00000000   -0.02108124  0.00000000
  0.02108124  0.00000000   -0.02108124  0.00000000    0.23341930  0.00000000

     Dynamical  Matrix in cartesian axes

     q = (    0.250000000  -0.250000000  -0.250000000 ) 

    1    1
  0.23560126  0.00000000   -0.02526201  0.00000000   -0.02526201  0.00000000
 -0.02526201  0.00000000    0.23560126  0.00000000    0.02526201  0.00000000
 -0.02526201  0.00000000    0.02526201  0.00000000    0.23560126  0.00000000
    1    2
 -0.16735222 -0.05916745   -0.03170233  0.04754186   -0.03170233  0.04754186
 -0.03170233  0.04754186   -0.16735222 -0.05916745    0.03170233 -0.04754186
 -0.03170233  0.04754186    0.03170233 -0.04754186   -0.16735222 -0.05916745
    2    1
 -0.16735222  0.05916745   -0.03170233 -0.04754186   -0.03170233 -0.04754186
 -0.03170233 -0.04754186   -0.16735222  0.05916745    0.03170233  0.04754186
 -0.03170233 -0.04754186    0.03170233  0.04754186   -0.16735222  0.05916745
    2    2
  0.23341930  0.00000000   -0.02108124  0.00000000   -0.02108124  0.00000000
 -0.02108124  0.00000000    0.23341930  0.00000000    0.02108124  0.00000000
 -0.02108124  0.00000000    0.02108124  0.00000000    0.23341930  0.00000000

     Dynamical  Matrix in cartesian axes

     q = (   -0.250000000   0.250000000   0.250000000 ) 

    1    1
  0.23560126  0.00000000   -0.02526201  0.00000000   -0.02526201  0.00000000
 -0.02526201  0.00000000    0.23560126  0.00000000    0.02526201  0.00000000
 -0.02526201  0.00000000    0.02526201  0.00000000    0.23560126  0.00000000
    1    2
 -0.16735222  0.05916745   -0.03170233 -0.04754186   -0.03170233 -0.04754186
 -0.03170233 -0.04754186   -0.16735222  0.05916745    0.03170233  0.04754186
 -0.03170233 -0.04754186    0.03170233  0.04754186   -0.16735222  0.05916745
    2    1
 -0.16735222 -0.05916745   -0.03170233  0.04754186   -0.03170233  0.04754186
 -0.03170233  0.04754186   -0.16735222 -0.05916745    0.03170233 -0.04754186
 -0.03170233  0.04754186    0.03170233 -0.04754186   -0.16735222 -0.05916745
    2    2
  0.23341930  0.00000000   -0.02108124  0.00000000   -0.02108124  0.00000000
 -0.02108124  0.00000000    0.23341930  0.00000000    0.02108124  0.00000000
 -0.02108124  0.00000000    0.02108124  0.00000000    0.23341930  0.00000000

     Dynamical  Matrix in cartesian axes

     q = (   -0.250000000  -0.250000000   0.250000000 ) 

    1    1
  0.23560126  0.00000000    0.02526201  0.00000000   -0.02526201  0.00000000
  0.02526201  0.00000000    0.23560126  0.00000000   -0.02526201  0.00000000
 -0.02526201  0.00000000   -0.02526201  0.00000000    0.23560126  0.00000000
    1    2
 -0.16735222 -0.05916745    0.03170233 -0.04754186   -0.03170233  0.04754186
  0.03170233 -0.04754186   -0.16735222 -0.05916745   -0.03170233  0.04754186
 -0.03170233  0.04754186   -0.03170233  0.04754186   -0.16735222 -0.05916745
    2    1
 -0.16735222  0.05916745    0.03170233  0.04754186   -0.03170233 -0.04754186
  0.03170233  0.04754186   -0.16735222  0.05916745   -0.03170233 -0.04754186
 -0.03170233 -0.04754186   -0.03170233 -0.04754186   -0.16735222  0.05916745
    2    2
  0.23341930  0.00000000    0.02108124  0.00000000   -0.02108124  0.00000000
  0.02108124  0.00000000    0.23341930  0.00000000   -0.02108124  0.00000000
 -0.02108124  0.00000000   -0.02108124  0.00000000    0.23341930  0.00000000

     Dynamical  Matrix in cartesian axes

     q = (    0.250000000   0.250000000  -0.250000000 ) 

    1    1
  0.23560126  0.00000000    0.02526201  0.00000000   -0.02526201  0.00000000
  0.02526201  0.00000000    0.23560126  0.00000000   -0.02526201  0.00000000
 -0.02526201  0.00000000   -0.02526201  0.00000000    0.23560126  0.00000000
    1    2
 -0.16735222  0.05916745    0.03170233  0.04754186   -0.03170233 -0.04754186
  0.03170233  0.04754186   -0.16735222  0.05916745   -0.03170233 -0.04754186
 -0.03170233 -0.04754186   -0.03170233 -0.04754186   -0.16735222  0.05916745
    2    1
 -0.16735222 -0.05916745    0.03170233 -0.04754186   -0.03170233  0.04754186
  0.03170233 -0.04754186   -0.16735222 -0.05916745   -0.03170233  0.04754186
 -0.03170233  0.04754186   -0.03170233  0.04754186   -0.16735222 -0.05916745
    2    2
  0.23341930  0.00000000    0.02108124  0.00000000   -0.02108124  0.00000000
  0.02108124  0.00000000    0.23341930  0.00000000   -0.02108124  0.00000000
 -0.02108124  0.00000000   -0.02108124  0.00000000    0.23341930  0.00000000

     Dynamical  Matrix in cartesian axes

     q = (    0.250000000   0.250000000   0.250000000 ) 

    1    1
  0.23560126  0.00000000    0.02526201  0.00000000    0.02526201  0.00000000
  0.02526201  0.00000000    0.23560126  0.00000000    0.02526201  0.00000000
  0.02526201  0.00000000    0.02526201  0.00000000    0.23560126  0.00000000
    1    2
 -0.05916745  0.16735222   -0.04754186 -0.03170233   -0.04754186 -0.03170233
 -0.04754186 -0.03170233   -0.05916745  0.16735222   -0.04754186 -0.03170233
 -0.04754186 -0.03170233   -0.04754186 -0.03170233   -0.05916745  0.16735222
    2    1
 -0.05916745 -0.16735222   -0.04754186  0.03170233   -0.04754186  0.03170233
 -0.04754186  0.03170233   -0.05916745 -0.16735222   -0.04754186  0.03170233
 -0.04754186  0.03170233   -0.04754186  0.03170233   -0.05916745 -0.16735222
    2    2
  0.23341930  0.00000000    0.02108124  0.00000000    0.02108124  0.00000000
  0.02108124  0.00000000    0.23341930  0.00000000    0.02108124  0.00000000
  0.02108124  0.00000000    0.02108124  0.00000000    0.23341930  0.00000000

     Dynamical  Matrix in cartesian axes

     q = (   -0.250000000  -0.250000000  -0.250000000 ) 

    1    1
  0.23560126  0.00000000    0.02526201  0.00000000    0.02526201  0.00000000
  0.02526201  0.00000000    0.23560126  0.00000000    0.02526201  0.00000000
  0.02526201  0.00000000    0.02526201  0.00000000    0.23560126  0.00000000
    1    2
 -0.05916745 -0.16735222   -0.04754186  0.03170233   -0.04754186  0.03170233
 -0.04754186  0.03170233   -0.05916745 -0.16735222   -0.04754186  0.03170233
 -0.04754186  0.03170233   -0.04754186  0.03170233   -0.05916745 -0.16735222
    2    1
 -0.05916745  0.16735222   -0.04754186 -0.03170233   -0.04754186 -0.03170233
 -0.04754186 -0.03170233   -0.05916745  0.16735222   -0.04754186 -0.03170233
 -0.04754186 -0.03170233   -0.04754186 -0.03170233   -0.05916745  0.16735222
    2    2
  0.23341930  0.00000000    0.02108124  0.00000000    0.02108124  0.00000000
  0.02108124  0.00000000    0.23341930  0.00000000    0.02108124  0.00000000
  0.02108124  0.00000000    0.02108124  0.00000000    0.23341930  0.00000000

     Diagonalizing the dynamical matrix

     q = (   -0.250000000   0.250000000  -0.250000000 ) 

 **************************************************************************
     freq (    1) =       1.664810 [THz] =      55.532071 [cm-1]
 ( -0.299621  0.127600 -0.552670  0.112821 -0.253049 -0.014779 ) 
 ( -0.298471  0.148229 -0.557861  0.148229 -0.259390  0.000000 ) 
     freq (    2) =       1.664810 [THz] =      55.532071 [cm-1]
 ( -0.466478  0.044693  0.043926  0.074503  0.510404  0.029810 ) 
 ( -0.473873  0.073489  0.049319  0.073489  0.523192  0.000000 ) 
     freq (    3) =       4.553630 [THz] =     151.892752 [cm-1]
 ( -0.198157 -0.294051  0.198157  0.294051 -0.198157 -0.294051 ) 
 ( -0.455633 -0.000000  0.455633  0.000000 -0.455633  0.000000 ) 
     freq (    4) =      11.111230 [THz] =     370.630735 [cm-1]
 (  0.683453  0.269207  0.499449  0.258460 -0.184004 -0.010747 ) 
 ( -0.245631 -0.080553 -0.180767 -0.080553  0.064864  0.000000 ) 
     freq (    5) =      11.111230 [THz] =     370.630735 [cm-1]
 ( -0.227495  0.043227  0.519050  0.086829  0.746544  0.043601 ) 
 (  0.079035 -0.019854 -0.184131 -0.019854 -0.263167  0.000000 ) 
     freq (    6) =      12.201431 [THz] =     406.995932 [cm-1]
 (  0.310675  0.461021 -0.310675 -0.461021  0.310675  0.461021 ) 
 ( -0.155802 -0.000000  0.155802 -0.000000 -0.155802  0.000000 ) 
 **************************************************************************
