Dynamical matrix file
                                                                           
  2    2  2 10.5000000  0.0000000  0.0000000  0.0000000  0.0000000  0.0000000
           1  'Al  '    24590.7656527287     
           2  'As  '    68285.4026205499     
    1    1      0.0000000000      0.0000000000      0.0000000000
    2    2      0.2500000000      0.2500000000      0.2500000000

     Dynamical  Matrix in cartesian axes

     q = (    0.500000000   0.000000000   0.500000000 ) 

    1    1
  0.22337146  0.00000000   -0.00000000 -0.01718325    0.01811660  0.00000000
 -0.00000000  0.01718325    0.23509790  0.00000000   -0.00000000  0.01718325
  0.01811660  0.00000000    0.00000000 -0.01718325    0.22337146  0.00000000
    1    2
  0.00000000  0.10810502   -0.07926995  0.00000000    0.00000000 -0.07501949
 -0.09576060  0.00000000   -0.00000000  0.10993354   -0.09576060  0.00000000
  0.00000000 -0.07501949   -0.07926995 -0.00000000    0.00000000  0.10810502
    2    1
  0.00000000 -0.10810502   -0.09576060  0.00000000    0.00000000  0.07501949
 -0.07926995  0.00000000   -0.00000000 -0.10993354   -0.07926995  0.00000000
  0.00000000  0.07501949   -0.09576060  0.00000000    0.00000000 -0.10810502
    2    2
  0.23799187  0.00000000    0.00000000 -0.01291358    0.02620545  0.00000000
  0.00000000  0.01291358    0.24749500  0.00000000    0.00000000  0.01291358
  0.02620545  0.00000000   -0.00000000 -0.01291358    0.23799187  0.00000000

     Dynamical  Matrix in cartesian axes

     q = (   -0.500000000  -0.500000000   0.000000000 ) 

    1    1
  0.22337146  0.00000000    0.01811660  0.00000000    0.00000000  0.01718325
  0.01811660  0.00000000    0.22337146  0.00000000    0.00000000  0.01718325
  0.00000000 -0.01718325    0.00000000 -0.01718325    0.23509790  0.00000000
    1    2
 -0.00000000 -0.10810502   -0.00000000  0.07501949   -0.07926995  0.00000000
 -0.00000000  0.07501949   -0.00000000 -0.10810502   -0.07926995  0.00000000
 -0.09576060  0.00000000   -0.09576060  0.00000000   -0.00000000 -0.10993354
    2    1
 -0.00000000  0.10810502   -0.00000000 -0.07501949   -0.09576060  0.00000000
 -0.00000000 -0.07501949   -0.00000000  0.10810502   -0.09576060  0.00000000
 -0.07926995  0.00000000   -0.07926995  0.00000000   -0.00000000  0.10993354
    2    2
  0.23799187  0.00000000    0.02620545  0.00000000    0.00000000  0.01291358
  0.02620545  0.00000000    0.23799187  0.00000000   -0.00000000  0.01291358
 -0.00000000 -0.01291358   -0.00000000 -0.01291358    0.24749500  0.00000000

     Dynamical  Matrix in cartesian axes

     q = (   -0.500000000   0.500000000   0.000000000 ) 

    1    1
  0.22337146  0.00000000   -0.01811660  0.00000000    0.00000000 -0.01718325
 -0.01811660  0.00000000    0.22337146  0.00000000    0.00000000  0.01718325
  0.00000000  0.01718325    0.00000000 -0.01718325    0.23509790  0.00000000
    1    2
 -0.10810502  0.00000000   -0.07501949 -0.00000000    0.00000000 -0.07926995
 -0.07501949 -0.00000000   -0.10810502  0.00000000    0.00000000  0.07926995
 -0.00000000 -0.09576060    0.00000000  0.09576060   -0.10993354 -0.00000000
    2    1
 -0.10810502 -0.00000000   -0.07501949  0.00000000    0.00000000  0.09576060
 -0.07501949  0.00000000   -0.10810502 -0.00000000   -0.00000000 -0.09576060
  0.00000000  0.07926995   -0.00000000 -0.07926995   -0.10993354 -0.00000000
    2    2
  0.23799187  0.00000000   -0.02620545  0.00000000    0.00000000 -0.01291358
 -0.02620545  0.00000000    0.23799187  0.00000000    0.00000000  0.01291358
  0.00000000  0.01291358    0.00000000 -0.01291358    0.24749500  0.00000000

     Dynamical  Matrix in cartesian axes

     q = (   -0.500000000   0.000000000   0.500000000 ) 

    1    1
  0.22337146  0.00000000    0.00000000 -0.01718325   -0.01811660  0.00000000
  0.00000000  0.01718325    0.23509790  0.00000000    0.00000000 -0.01718325
 -0.01811660  0.00000000   -0.00000000  0.01718325    0.22337146  0.00000000
    1    2
 -0.10810502  0.00000000    0.00000000 -0.07926995   -0.07501949 -0.00000000
  0.00000000 -0.09576060   -0.10993354  0.00000000    0.00000000  0.09576060
 -0.07501949 -0.00000000    0.00000000  0.07926995   -0.10810502  0.00000000
    2    1
 -0.10810502 -0.00000000    0.00000000  0.09576060   -0.07501949  0.00000000
  0.00000000  0.07926995   -0.10993354  0.00000000   -0.00000000 -0.07926995
 -0.07501949  0.00000000   -0.00000000 -0.09576060   -0.10810502 -0.00000000
    2    2
  0.23799187  0.00000000    0.00000000 -0.01291358   -0.02620545  0.00000000
  0.00000000  0.01291358    0.24749500  0.00000000    0.00000000 -0.01291358
 -0.02620545  0.00000000    0.00000000  0.01291358    0.23799187  0.00000000

     Dynamical  Matrix in cartesian axes

     q = (    0.500000000   0.000000000  -0.500000000 ) 

    1    1
  0.22337146  0.00000000    0.00000000  0.01718325   -0.01811660  0.00000000
  0.00000000 -0.01718325    0.23509790  0.00000000    0.00000000  0.01718325
 -0.01811660  0.00000000   -0.00000000 -0.01718325    0.22337146  0.00000000
    1    2
 -0.10810502  0.00000000    0.00000000  0.07926995   -0.07501949 -0.00000000
  0.00000000  0.09576060   -0.10993354 -0.00000000   -0.00000000 -0.09576060
 -0.07501949 -0.00000000    0.00000000 -0.07926995   -0.10810502  0.00000000
    2    1
 -0.10810502 -0.00000000   -0.00000000 -0.09576060   -0.07501949  0.00000000
 -0.00000000 -0.07926995   -0.10993354  0.00000000    0.00000000  0.07926995
 -0.07501949  0.00000000    0.00000000  0.09576060   -0.10810502 -0.00000000
    2    2
  0.23799187  0.00000000    0.00000000  0.01291358   -0.02620545  0.00000000
  0.00000000 -0.01291358    0.24749500  0.00000000    0.00000000  0.01291358
 -0.02620545  0.00000000    0.00000000 -0.01291358    0.23799187  0.00000000

     Dynamical  Matrix in cartesian axes

     q = (    0.500000000   0.500000000   0.000000000 ) 

    1    1
  0.22337146  0.00000000    0.01811660  0.00000000    0.00000000 -0.01718325
  0.01811660  0.00000000    0.22337146  0.00000000    0.00000000 -0.01718325
  0.00000000  0.01718325    0.00000000  0.01718325    0.23509790  0.00000000
    1    2
  0.00000000  0.10810502    0.00000000 -0.07501949   -0.07926995  0.00000000
  0.00000000 -0.07501949    0.00000000  0.10810502   -0.07926995  0.00000000
 -0.09576060  0.00000000   -0.09576060  0.00000000   -0.00000000  0.10993354
    2    1
  0.00000000 -0.10810502    0.00000000  0.07501949   -0.09576060  0.00000000
  0.00000000  0.07501949    0.00000000 -0.10810502   -0.09576060  0.00000000
 -0.07926995  0.00000000   -0.07926995  0.00000000   -0.00000000 -0.10993354
    2    2
  0.23799187  0.00000000    0.02620545  0.00000000    0.00000000 -0.01291358
  0.02620545  0.00000000    0.23799187  0.00000000   -0.00000000 -0.01291358
 -0.00000000  0.01291358   -0.00000000  0.01291358    0.24749500  0.00000000

     Dynamical  Matrix in cartesian axes

     q = (    0.500000000  -0.500000000   0.000000000 ) 

    1    1
  0.22337146  0.00000000   -0.01811660  0.00000000    0.00000000  0.01718325
 -0.01811660  0.00000000    0.22337146  0.00000000    0.00000000 -0.01718325
  0.00000000 -0.01718325    0.00000000  0.01718325    0.23509790  0.00000000
    1    2
 -0.10810502  0.00000000   -0.07501949 -0.00000000    0.00000000  0.07926995
 -0.07501949 -0.00000000   -0.10810502  0.00000000    0.00000000 -0.07926995
  0.00000000  0.09576060   -0.00000000 -0.09576060   -0.10993354  0.00000000
    2    1
 -0.10810502 -0.00000000   -0.07501949  0.00000000   -0.00000000 -0.09576060
 -0.07501949  0.00000000   -0.10810502 -0.00000000    0.00000000  0.09576060
 -0.00000000 -0.07926995    0.00000000  0.07926995   -0.10993354  0.00000000
    2    2
  0.23799187  0.00000000   -0.02620545  0.00000000    0.00000000  0.01291358
 -0.02620545  0.00000000    0.23799187  0.00000000    0.00000000 -0.01291358
  0.00000000 -0.01291358    0.00000000  0.01291358    0.24749500  0.00000000

     Dynamical  Matrix in cartesian axes

     q = (    0.000000000   0.500000000   0.500000000 ) 

    1    1
  0.23509790  0.00000000    0.00000000  0.01718325    0.00000000  0.01718325
  0.00000000 -0.01718325    0.22337146  0.00000000    0.01811660  0.00000000
  0.00000000 -0.01718325    0.01811660  0.00000000    0.22337146  0.00000000
    1    2
 -0.00000000  0.10993354   -0.09576060  0.00000000   -0.09576060  0.00000000
 -0.07926995  0.00000000    0.00000000  0.10810502    0.00000000 -0.07501949
 -0.07926995  0.00000000    0.00000000 -0.07501949    0.00000000  0.10810502
    2    1
 -0.00000000 -0.10993354   -0.07926995  0.00000000   -0.07926995  0.00000000
 -0.09576060  0.00000000    0.00000000 -0.10810502    0.00000000  0.07501949
 -0.09576060  0.00000000    0.00000000  0.07501949    0.00000000 -0.10810502
    2    2
  0.24749500  0.00000000    0.00000000  0.01291358    0.00000000  0.01291358
  0.00000000 -0.01291358    0.23799187  0.00000000    0.02620545  0.00000000
  0.00000000 -0.01291358    0.02620545  0.00000000    0.23799187  0.00000000

     Dynamical  Matrix in cartesian axes

     q = (    0.000000000   0.500000000  -0.500000000 ) 

    1    1
  0.23509790  0.00000000   -0.00000000 -0.01718325    0.00000000  0.01718325
 -0.00000000  0.01718325    0.22337146  0.00000000   -0.01811660  0.00000000
  0.00000000 -0.01718325   -0.01811660  0.00000000    0.22337146  0.00000000
    1    2
 -0.10993354  0.00000000    0.00000000  0.09576060    0.00000000 -0.09576060
  0.00000000  0.07926995   -0.10810502  0.00000000   -0.07501949  0.00000000
  0.00000000 -0.07926995   -0.07501949  0.00000000   -0.10810502  0.00000000
    2    1
 -0.10993354  0.00000000   -0.00000000 -0.07926995    0.00000000  0.07926995
 -0.00000000 -0.09576060   -0.10810502  0.00000000   -0.07501949  0.00000000
  0.00000000  0.09576060   -0.07501949  0.00000000   -0.10810502  0.00000000
    2    2
  0.24749500  0.00000000    0.00000000 -0.01291358    0.00000000  0.01291358
  0.00000000  0.01291358    0.23799187  0.00000000   -0.02620545  0.00000000
  0.00000000 -0.01291358   -0.02620545  0.00000000    0.23799187  0.00000000

     Dynamical  Matrix in cartesian axes

     q = (    0.000000000  -0.500000000  -0.500000000 ) 

    1    1
  0.23509790  0.00000000    0.00000000 -0.01718325    0.00000000 -0.01718325
  0.00000000  0.01718325    0.22337146  0.00000000    0.01811660  0.00000000
  0.00000000  0.01718325    0.01811660  0.00000000    0.22337146  0.00000000
    1    2
  0.00000000 -0.10993354   -0.09576060  0.00000000   -0.09576060  0.00000000
 -0.07926995  0.00000000   -0.00000000 -0.10810502   -0.00000000  0.07501949
 -0.07926995  0.00000000    0.00000000  0.07501949   -0.00000000 -0.10810502
    2    1
  0.00000000  0.10993354   -0.07926995  0.00000000   -0.07926995  0.00000000
 -0.09576060  0.00000000   -0.00000000  0.10810502    0.00000000 -0.07501949
 -0.09576060  0.00000000   -0.00000000 -0.07501949   -0.00000000  0.10810502
    2    2
  0.24749500  0.00000000    0.00000000 -0.01291358    0.00000000 -0.01291358
  0.00000000  0.01291358    0.23799187  0.00000000    0.02620545  0.00000000
  0.00000000  0.01291358    0.02620545  0.00000000    0.23799187  0.00000000

     Dynamical  Matrix in cartesian axes

     q = (    0.000000000  -0.500000000   0.500000000 ) 

    1    1
  0.23509790  0.00000000   -0.00000000  0.01718325    0.00000000 -0.01718325
 -0.00000000 -0.01718325    0.22337146  0.00000000   -0.01811660  0.00000000
  0.00000000  0.01718325   -0.01811660  0.00000000    0.22337146  0.00000000
    1    2
 -0.10993354  0.00000000    0.00000000 -0.09576060    0.00000000  0.09576060
  0.00000000 -0.07926995   -0.10810502  0.00000000   -0.07501949  0.00000000
  0.00000000  0.07926995   -0.07501949  0.00000000   -0.10810502  0.00000000
    2    1
 -0.10993354  0.00000000    0.00000000  0.07926995   -0.00000000 -0.07926995
  0.00000000  0.09576060   -0.10810502  0.00000000   -0.07501949  0.00000000
 -0.00000000 -0.09576060   -0.07501949  0.00000000   -0.10810502  0.00000000
    2    2
  0.24749500  0.00000000    0.00000000  0.01291358    0.00000000 -0.01291358
  0.00000000 -0.01291358    0.23799187  0.00000000   -0.02620545  0.00000000
  0.00000000  0.01291358   -0.02620545  0.00000000    0.23799187  0.00000000

     Dynamical  Matrix in cartesian axes

     q = (   -0.500000000   0.000000000  -0.500000000 ) 

    1    1
  0.22337146  0.00000000   -0.00000000  0.01718325    0.01811660  0.00000000
 -0.00000000 -0.01718325    0.23509790  0.00000000   -0.00000000 -0.01718325
  0.01811660  0.00000000    0.00000000  0.01718325    0.22337146  0.00000000
    1    2
 -0.00000000 -0.10810502   -0.07926995  0.00000000   -0.00000000  0.07501949
 -0.09576060  0.00000000   -0.00000000 -0.10993354   -0.09576060  0.00000000
 -0.00000000  0.07501949   -0.07926995  0.00000000   -0.00000000 -0.10810502
    2    1
 -0.00000000  0.10810502   -0.09576060 -0.00000000   -0.00000000 -0.07501949
 -0.07926995  0.00000000   -0.00000000  0.10993354   -0.07926995  0.00000000
 -0.00000000 -0.07501949   -0.09576060 -0.00000000   -0.00000000  0.10810502
    2    2
  0.23799187  0.00000000    0.00000000  0.01291358    0.02620545  0.00000000
  0.00000000 -0.01291358    0.24749500  0.00000000    0.00000000 -0.01291358
  0.02620545  0.00000000   -0.00000000  0.01291358    0.23799187  0.00000000

     Diagonalizing the dynamical matrix

     q = (    0.500000000   0.000000000   0.500000000 ) 

 **************************************************************************
     freq (    1) =       2.423227 [THz] =      80.830152 [cm-1]
 ( -0.000000  0.488149  0.000000  0.000000 -0.000000 -0.488149 ) 
 ( -0.511577  0.000000 -0.000000 -0.000000  0.511577  0.000000 ) 
     freq (    2) =       3.742912 [THz] =     124.850092 [cm-1]
 ( -0.000000 -0.250281 -0.605556  0.000000 -0.000000 -0.250281 ) 
 ( -0.236507  0.000000 -0.000000 -0.629404 -0.236507  0.000000 ) 
     freq (    3) =       5.451031 [THz] =     181.826808 [cm-1]
 (  0.000000 -0.270564  0.283634  0.000000 -0.000000 -0.270564 ) 
 (  0.542831  0.000000 -0.000000 -0.428733  0.542831  0.000000 ) 
     freq (    4) =      10.838113 [THz] =     361.520535 [cm-1]
 (  0.000000  0.664541  0.218770 -0.000000  0.000000  0.664541 ) 
 ( -0.004931  0.000000 -0.000000 -0.262416 -0.004931  0.000000 ) 
     freq (    5) =      10.864335 [THz] =     362.395215 [cm-1]
 (  0.000000 -0.668727  0.000000 -0.000000  0.000000  0.668727 ) 
 ( -0.229792  0.000000 -0.000000 -0.000000  0.229792  0.000000 ) 
     freq (    6) =      11.387381 [THz] =     379.842152 [cm-1]
 (  0.000000  0.220225 -0.909976  0.000000  0.000000  0.220225 ) 
 (  0.173306 -0.000000 -0.000000  0.121965  0.173306  0.000000 ) 
 **************************************************************************
